1;H;1.007825;99.985;
2;H;2.014102;0.0115;
3;He;3.016029;0.000137;
4;He;4.002603;99.999863;
6;Li;6.015123;7.5;
7;Li;7.016005;92.5;
9;Be;9.012182;100;
10;B;10.012936;19.9;
11;B;11.009305;80.1;
12;C;12;98.89;
13;C;13.003355;1.11;
14;N;14.003074;99.634;
15;N;15.000109;0.366;
16;O;15.994915;99.762;
17;O;16.999132;0.038;
18;O;17.999162;0.2;
19;F;18.998404;100;
20;Ne;19.99244;90.48;
21;Ne;20.993847;0.27;
22;Ne;21.991386;9.25;
23;Na;22.989769;100;
24;Mg;23.985042;78.99;
25;Mg;24.985837;10;
26;Mg;25.982593;11.01;
27;Al;26.981539;100;
28;Si;27.976927;92.23;
29;Si;28.976495;4.683;
30;Si;29.97377;3.087;
31;P;30.973763;100;
32;S;31.972072;95.02;
33;S;32.971459;0.75;
34;S;33.967868;4.21;
36;S;35.967081;0.02;
35;Cl;34.968853;75.77;
37;Cl;36.965903;24.23;
36;Ar;35.967546;0.3365;
38;Ar;37.962733;0.0632;
40;Ar;39.962383;99.6003;
39;K;38.963707;93.2581;
41;K;40.961826;6.7302;
42;Ca;41.958618;0.6421;
43;Ca;42.958767;0.1334;
44;Ca;43.955482;2.0567;
45;Sc;44.955913;100;
46;Ti;45.952632;8.25;
47;Ti;46.951764;7.44;
48;Ti;47.947946;73.72;
49;Ti;48.947871;5.41;
50;Ti;49.944791;5.18;
51;V;50.94396;99.75;
52;Cr;51.940508;83.789;
53;Cr;52.940649;9.501;
54;Cr;53.93888;2.365;
55;Mn;54.938046;100;
56;Fe;55.934937;91.754;
57;Fe;56.935394;2.119;
58;Fe;57.933276;0.282;
59;Co;58.933195;100;
60;Ni;59.930786;26.223;
61;Ni;60.931056;1.14;
62;Ni;61.928345;3.634;
64;Ni;63.927966;0.926;
63;Cu;62.929598;69.17;
65;Cu;64.927789;30.83;
66;Zn;65.926033;27.9;
67;Zn;66.927128;4.1;
68;Zn;67.924844;18.75;
69;Ga;68.925574;60.108;
71;Ga;70.924701;39.892;
70;Ge;69.924247;20.37;
72;Ge;71.922076;27.31;
73;Ge;72.923459;7.76;
74;Ge;73.921178;36.73;
75;As;74.921597;100;
76;Se;75.919214;9.37;
77;Se;76.919915;7.63;
78;Se;77.917309;23.77;
80;Se;79.916521;49.61;
79;Br;78.918337;50.69;
81;Br;80.916291;49.31;
80;Kr;79.91638;2.28;
82;Kr;81.913484;11.58;
83;Kr;82.914136;11.49;
84;Kr;83.911507;57;
86;Kr;85.910611;17.3;
85;Rb;84.91179;72.17;
84;Sr;83.913425;0.56;
86;Sr;85.90926;9.86;
87;Sr;86.908877;7;
88;Sr;87.905612;82.58;
89;Y;88.905849;100;
90;Zr;89.904704;51.45;
91;Zr;90.905646;11.22;
92;Zr;91.905041;17.15;
93;Nb;92.906378;100;
94;Mo;93.905089;9.25;
95;Mo;94.905843;15.92;
96;Mo;95.90468;16.68;
97;Mo;96.906022;9.55;
98;Mo;97.905409;24.13;
98;Ru;97.905288;1.87;
99;Ru;98.90594;12.76;
100;Ru;99.904221;12.6;
101;Ru;100.905583;17.06;
102;Ru;101.904349;31.55;
103;Rh;102.905504;100;
102;Pd;101.905609;1.02;
104;Pd;103.904036;11.14;
105;Pd;104.905086;22.33;
106;Pd;105.903486;27.33;
108;Pd;107.903892;26.46;
107;Ag;106.905098;51.839;
109;Ag;108.904753;48.161;
110;Cd;109.903003;12.49;
111;Cd;110.904179;12.8;
112;Cd;111.902758;24.13;
113;In;112.904026;4.29;
114;Sn;113.90278;0.66;
115;Sn;114.903343;0.34;
116;Sn;115.901741;14.54;
117;Sn;116.902953;7.68;
118;Sn;117.901603;24.22;
119;Sn;118.903308;8.59;
120;Sn;119.902195;32.58;
122;Sn;121.90344;4.63;
121;Sb;120.903816;57.21;
123;Sb;122.904214;42.79;
122;Te;121.903044;2.55;
124;Te;123.902818;4.74;
125;Te;124.904431;7.07;
126;Te;125.903312;18.84;
127;I;126.904473;100;
126;Xe;125.904274;0.089;
128;Xe;127.903531;1.91;
129;Xe;128.904779;26.4;
130;Xe;129.903508;4.071;
131;Xe;130.905083;21.23;
132;Xe;131.904153;26.909;
133;Cs;132.905452;100;
134;Ba;133.904508;2.417;
135;Ba;134.905689;6.592;
136;Ba;135.904576;7.854;
137;Ba;136.905828;11.232;
138;Ba;137.905247;71.698;
139;La;138.906353;99.9098;
140;Ce;139.905439;88.45;
141;Pr;140.907653;100;
142;Nd;141.907724;27.13;
143;Nd;142.909814;12.18;
145;Nd;144.912574;8.3;
146;Nd;145.913117;17.19;
148;Nd;147.916893;5.76;
144;Sm;143.911999;3.07;
149;Sm;148.917185;13.82;
150;Sm;149.917276;7.38;
152;Sm;151.919733;26.75;
154;Sm;153.922209;22.75;
153;Eu;152.921225;52.19;
154;Gd;153.920866;2.18;
155;Gd;154.922622;14.8;
156;Gd;155.922123;20.47;
157;Gd;156.92396;15.65;
158;Gd;157.924105;24.84;
159;Tb;158.925347;100;
158;Dy;157.92441;0.1;
160;Dy;159.925198;2.34;
161;Dy;160.926933;18.91;
162;Dy;161.926799;25.51;
163;Dy;162.928732;24.9;
164;Dy;163.929175;28.18;
165;Ho;164.930322;100;
162;Er;161.928781;0.139;
164;Er;163.9292;1.601;
166;Er;165.930294;33.503;
167;Er;166.932048;22.869;
168;Er;167.93237;26.978;
170;Er;169.935464;14.91;
169;Tm;168.934214;100;
170;Yb;169.934763;3.04;
171;Yb;170.936326;14.28;
172;Yb;171.936382;21.83;
173;Yb;172.938211;16.13;
174;Yb;173.938863;31.83;
175;Lu;174.940772;97.41;
176;Hf;175.941409;5.26;
177;Hf;176.943221;18.6;
178;Hf;177.943699;27.28;
179;Hf;178.945817;13.62;
180;Hf;179.94655;35.08;
180;Ta;179.947548;0.0123;
181;Ta;180.947996;99.988;
185;Re;184.952955;37.4;
187;Os;186.95575;1.6;
188;Os;187.955838;13.29;
189;Os;188.958147;16.21;
190;Os;189.958447;26.36;
192;Os;191.961481;40.93;
191;Ir;190.960594;37.3;
193;Ir;192.962927;62.7;
192;Pt;191.961039;0.782;
194;Pt;193.96268;32.967;
195;Pt;194.964792;33.832;
196;Pt;195.964952;25.242;
198;Pt;197.967894;7.163;
197;Au;196.966569;100;
198;Hg;197.966769;9.97;
199;Hg;198.96828;16.87;
200;Hg;199.968326;23.1;
201;Hg;200.970303;13.18;
202;Hg;201.970644;29.86;
204;Hg;203.973494;6.87;
203;Tl;202.972344;29.52;
205;Tl;204.974428;70.476;
206;Pb;205.974466;24.1;
207;Pb;206.975898;22.1;
208;Pb;207.976653;52.4;
